R_h = (0.0007622498476785103+-1.0958683435642476e-05)m^3 / Cl
n = (8.19941128100563e+21+-1.7682145728366343e+20) m^-3
