R_h = (338.77774592994615+-4.870525753068898)m^3 / Cl
n = (0.01553572499365168+-2.2335336244259506e-07)um^-3
